<Qucs Dataset 0.0.20>
<indep time 100>
  +0.00000000000000000000e+00
  +1.51515151515151515020e-04
  +3.03030303030303030040e-04
  +4.54545454545454545060e-04
  +6.06060606060606060080e-04
  +7.57575757575757575100e-04
  +9.09090909090909090121e-04
  +1.06060606060606049672e-03
  +1.21212121212121212016e-03
  +1.36363636363636374360e-03
  +1.51515151515151515020e-03
  +1.66666666666666655680e-03
  +1.81818181818181818024e-03
  +1.96969696969696980368e-03
  +2.12121212121212099344e-03
  +2.27272727272727261688e-03
  +2.42424242424242424032e-03
  +2.57575757575757586376e-03
  +2.72727272727272748720e-03
  +2.87878787878787867696e-03
  +3.03030303030303030040e-03
  +3.18181818181818192384e-03
  +3.33333333333333311360e-03
  +3.48484848484848473704e-03
  +3.63636363636363636048e-03
  +3.78787878787878798392e-03
  +3.93939393939393960736e-03
  +4.09090909090909123080e-03
  +4.24242424242424198688e-03
  +4.39393939393939361032e-03
  +4.54545454545454523376e-03
  +4.69696969696969685720e-03
  +4.84848484848484848064e-03
  +5.00000000000000010408e-03
  +5.15151515151515172752e-03
  +5.30303030303030335096e-03
  +5.45454545454545497440e-03
  +5.60606060606060573048e-03
  +5.75757575757575735392e-03
  +5.90909090909090897736e-03
  +6.06060606060606060080e-03
  +6.21212121212121222424e-03
  +6.36363636363636384768e-03
  +6.51515151515151547112e-03
  +6.66666666666666622720e-03
  +6.81818181818181785064e-03
  +6.96969696969696947408e-03
  +7.12121212121212109752e-03
  +7.27272727272727272096e-03
  +7.42424242424242434440e-03
  +7.57575757575757596785e-03
  +7.72727272727272759129e-03
  +7.87878787878787921473e-03
  +8.03030303030302997080e-03
  +8.18181818181818246161e-03
  +8.33333333333333321769e-03
  +8.48484848484848397376e-03
  +8.63636363636363646457e-03
  +8.78787878787878722064e-03
  +8.93939393939393971145e-03
  +9.09090909090909046752e-03
  +9.24242424242424295833e-03
  +9.39393939393939371441e-03
  +9.54545454545454620521e-03
  +9.69696969696969696129e-03
  +9.84848484848484771736e-03
  +1.00000000000000002082e-02
  +1.01515151515151509642e-02
  +1.03030303030303034550e-02
  +1.04545454545454542111e-02
  +1.06060606060606067019e-02
  +1.07575757575757574580e-02
  +1.09090909090909099488e-02
  +1.10606060606060607049e-02
  +1.12121212121212114610e-02
  +1.13636363636363639518e-02
  +1.15151515151515147078e-02
  +1.16666666666666671986e-02
  +1.18181818181818179547e-02
  +1.19696969696969704455e-02
  +1.21212121212121212016e-02
  +1.22727272727272719577e-02
  +1.24242424242424244485e-02
  +1.25757575757575752046e-02
  +1.27272727272727276954e-02
  +1.28787878787878784514e-02
  +1.30303030303030309422e-02
  +1.31818181818181816983e-02
  +1.33333333333333324544e-02
  +1.34848484848484849452e-02
  +1.36363636363636357013e-02
  +1.37878787878787881921e-02
  +1.39393939393939389482e-02
  +1.40909090909090914390e-02
  +1.42424242424242421950e-02
  +1.43939393939393946859e-02
  +1.45454545454545454419e-02
  +1.46969696969696961980e-02
  +1.48484848484848486888e-02
  +1.49999999999999994449e-02
</indep>
<dep V2.It time>
  -1.00387628358466498256e-03
  -1.00388101972128025198e-03
  -1.00388571577317807504e-03
  -1.00389032497488176095e-03
  -1.00389480557470326533e-03
  -1.00389911700652311420e-03
  -1.00390322021618404701e-03
  -1.00390707805584028338e-03
  -1.00391065557753193273e-03
  -1.00391392039478138075e-03
  -1.00391684292930240957e-03
  -1.00391939672628423795e-03
  -1.00392155864635428640e-03
  -1.00392330912311457392e-03
  -1.00392463229182892642e-03
  -1.00392551617918155890e-03
  -1.00392595277722812032e-03
  -1.00392593813248979032e-03
  -1.00392547237768180526e-03
  -1.00392455973051086121e-03
  -1.00392320845603183130e-03
  -1.00392143079330148879e-03
  -1.00391924283920017276e-03
  -1.00391666441052148859e-03
  -1.00391371885773564819e-03
  -1.00391043285730143658e-03
  -1.00390683616502864907e-03
  -1.00390296135567636503e-03
  -1.00389884352085931134e-03
  -1.00389451995298406399e-03
  -1.00389002980823911423e-03
  -1.00388541375311720477e-03
  -1.00388071358306608070e-03
  -1.00387597187724035390e-03
  -1.00387123156596446728e-03
  -1.00386653558675958096e-03
  -1.00386192646459817060e-03
  -1.00385744594194692425e-03
  -1.00385313459461309599e-03
  -1.00384903146971617323e-03
  -1.00384517372449893341e-03
  -1.00384159629380957657e-03
  -1.00383833158094863160e-03
  -1.00383540914715757401e-03
  -1.00383285546057593289e-03
  -1.00383069364842346556e-03
  -1.00382894328787533947e-03
  -1.00382762023146785216e-03
  -1.00382673646034841462e-03
  -1.00382629997913938244e-03
  -1.00382631473993743504e-03
  -1.00382678061019755579e-03
  -1.00382769337013072995e-03
  -1.00382904475486618191e-03
  -1.00383082252524413920e-03
  -1.00383301058283146839e-03
  -1.00383558911145320987e-03
  -1.00383853476099585422e-03
  -1.00384182085445916588e-03
  -1.00384541763403277968e-03
  -1.00384929252604810680e-03
  -1.00385341044055662225e-03
  -1.00385773408448323099e-03
  -1.00386222430401536240e-03
  -1.00386684043449365966e-03
  -1.00387154067338706803e-03
  -1.00387628245396549886e-03
  -1.00388102283637784158e-03
  -1.00388571889004291418e-03
  -1.00389032808843349509e-03
  -1.00389480868975249951e-03
  -1.00389912011828266215e-03
  -1.00390322332927803099e-03
  -1.00390708116587963616e-03
  -1.00391065868876867839e-03
  -1.00391392350320657334e-03
  -1.00391684603859778283e-03
  -1.00391939983279082638e-03
  -1.00392156175398128935e-03
  -1.00392331222818589551e-03
  -1.00392463539858379715e-03
  -1.00392551928555760939e-03
  -1.00392595588211035705e-03
  -1.00392594123606057610e-03
  -1.00392547547996217362e-03
  -1.00392456283181371289e-03
  -1.00392321155697039105e-03
  -1.00392143389302986208e-03
  -1.00391924593914191703e-03
  -1.00391666750919905313e-03
  -1.00391372195497794589e-03
  -1.00391043595411265550e-03
  -1.00390683926036014886e-03
  -1.00390296445006742786e-03
  -1.00389884661430711828e-03
  -1.00389452304549251817e-03
  -1.00389003289978197796e-03
  -1.00388541684434521618e-03
  -1.00388071667269446023e-03
  -1.00387597496661199435e-03
</dep>
<dep V3.It time>
  -1.00408600773133093766e-03
  -1.00408600973248538814e-03
  -1.00408600969375920442e-03
  -1.00408600963336719185e-03
  -1.00408600956156915558e-03
  -1.00408600947033549433e-03
  -1.00408600936920675353e-03
  -1.00408600925094133004e-03
  -1.00408600912504420745e-03
  -1.00408600898406648316e-03
  -1.00408600883775882100e-03
  -1.00408600867896678766e-03
  -1.00408600851716869537e-03
  -1.00408600834548810028e-03
  -1.00408600817329294284e-03
  -1.00408600799539488198e-03
  -1.00408600781585989267e-03
  -1.00408600763577738127e-03
  -1.00408600745597112458e-03
  -1.00408600727870255150e-03
  -1.00408600710539153318e-03
  -1.00408600693544371001e-03
  -1.00408600677265704218e-03
  -1.00408600661639358514e-03
  -1.00408600646815756099e-03
  -1.00408600633033594923e-03
  -1.00408600620251566883e-03
  -1.00408600608730986387e-03
  -1.00408600598518799388e-03
  -1.00408600589711413144e-03
  -1.00408600582407164792e-03
  -1.00408600576670651097e-03
  -1.00408600572710168981e-03
  -1.00408600570394334825e-03
  -1.00408600569896707712e-03
  -1.00408600571376643677e-03
  -1.00408600574502962326e-03
  -1.00408600579660338588e-03
  -1.00408600586845107860e-03
  -1.00408600595533275233e-03
  -1.00408600606210411492e-03
  -1.00408600618807843270e-03
  -1.00408600632608696092e-03
  -1.00408600648183759033e-03
  -1.00408600665153192703e-03
  -1.00408600683129611668e-03
  -1.00408600702292841698e-03
  -1.00408600722068971217e-03
  -1.00408600742609268111e-03
  -1.00408600763311523126e-03
  -1.00408600784312410786e-03
  -1.00408600804998771397e-03
  -1.00408600825509512940e-03
  -1.00408600845239086817e-03
  -1.00408600864345504654e-03
  -1.00408600882247872610e-03
  -1.00408600899137465633e-03
  -1.00408600914471055066e-03
  -1.00408600928482590053e-03
  -1.00408600940674183274e-03
  -1.00408600951326447935e-03
  -1.00408600959989179925e-03
  -1.00408600966988875887e-03
  -1.00408600971920889885e-03
  -1.00408600975153221822e-03
  -1.00408600976321796608e-03
  -1.00408600975837158237e-03
  -1.00408600973342669246e-03
  -1.00408600969296990524e-03
  -1.00408600963407430851e-03
  -1.00408600956087179674e-03
  -1.00408600947088908796e-03
  -1.00408600936865467779e-03
  -1.00408600925142249896e-03
  -1.00408600912455197966e-03
  -1.00408600898452878697e-03
  -1.00408600883734335472e-03
  -1.00408600867936317197e-03
  -1.00408600851673978499e-03
  -1.00408600834590118131e-03
  -1.00408600817286706823e-03
  -1.00408600799443644726e-03
  -1.00408600781589718923e-03
  -1.00408600763595041994e-03
  -1.00408600745669255271e-03
  -1.00408600727944154370e-03
  -1.00408600710550927754e-03
  -1.00408600693531946044e-03
  -1.00408600677185191365e-03
  -1.00408600661570208100e-03
  -1.00408600646886489449e-03
  -1.00408600632962427893e-03
  -1.00408600620324295165e-03
  -1.00408600608804018245e-03
  -1.00408600598592113139e-03
  -1.00408600589784943735e-03
  -1.00408600582482039794e-03
  -1.00408600576596535037e-03
  -1.00408600572786561866e-03
  -1.00408600570319568243e-03
</dep>
<dep V1.It time>
  -8.93179369009562577560e-15
  -1.91014943581518927647e-08
  -3.79327341826656536111e-08
  -5.64146643858537472324e-08
  -7.43799567466890245729e-08
  -9.16658541055371766714e-08
  -1.08115901282661060300e-07
  -1.23581023032410872684e-07
  -1.37921293931964502891e-07
  -1.51006699276935612414e-07
  -1.62718891204768167988e-07
  -1.72951651104581652927e-07
  -1.81612462304190528813e-07
  -1.88622738905973400884e-07
  -1.93919154728359297263e-07
  -1.97453612777021238336e-07
  -1.99194163847791689415e-07
  -1.99125040307253992739e-07
  -1.97246884010025953848e-07
  -1.93576692372829553510e-07
  -1.88147707896755363757e-07
  -1.81009097701458434701e-07
  -1.72225512090263218740e-07
  -1.61876498143683859515e-07
  -1.50055795520483933216e-07
  -1.36870412281536142341e-07
  -1.22439813008811643867e-07
  -1.06894654397051505761e-07
  -9.03757223436054254397e-08
  -7.30326133481046822867e-08
  -5.50223908142401459816e-08
  -3.65080897057053845204e-08
  -1.76576122611040937233e-08
  +1.35865970892617531597e-09
  +2.03681902330473198760e-08
  +3.91990624649781862157e-08
  +5.76806046162303640801e-08
  +7.56454927817011220614e-08
  +9.29310311894352857687e-08
  +1.09380689912421351661e-07
  +1.24845457101378746992e-07
  +1.39185278836674939885e-07
  +1.52270379170257485020e-07
  +1.63982129276956464122e-07
  +1.74214548340396286905e-07
  +1.82874937949641100199e-07
  +1.89884877538622705542e-07
  +1.95180872540208462032e-07
  +1.98714968445484570251e-07
  +2.00455150766063868902e-07
  +2.00385664806570399020e-07
  +1.98507132742077142146e-07
  +1.94836569568604122966e-07
  +1.89407211203895144946e-07
  +1.82268227757133930149e-07
  +1.73484267298062644790e-07
  +1.63134878246579700535e-07
  +1.51313783998561405379e-07
  +1.38128036420031650405e-07
  +1.23697046620422444896e-07
  +1.08151500971082392124e-07
  +9.16321823034013465919e-08
  +7.42886882737246964500e-08
  +5.62780850845159813817e-08
  +3.77634749016503109255e-08
  +1.89125304524668829299e-08
  -1.04039917594344515515e-10
  -1.91140045396052602335e-08
  -3.79452245919067346224e-08
  -5.64271655465405076348e-08
  -7.43924332349516576554e-08
  -9.16783500919951576818e-08
  -1.08128367999251592139e-07
  -1.23593510115873773789e-07
  -1.37933755429729679498e-07
  -1.51019180281929783037e-07
  -1.62731348330235059424e-07
  -1.72964121474470721652e-07
  -1.81624910290122288539e-07
  -1.88635205750120358021e-07
  -1.93931595773832736167e-07
  -1.97466051205260252544e-07
  -1.99206605583848522648e-07
  -1.99137487135169343777e-07
  -1.97259325508641055469e-07
  -1.93589130758234429213e-07
  -1.88160143190764447126e-07
  -1.81021528182660960713e-07
  -1.72237937293115585902e-07
  -1.61888926175029297568e-07
  -1.50068215416885902913e-07
  -1.36882831918647350840e-07
  -1.22452225896681319415e-07
  -1.06907063598415538291e-07
  -9.03881278579700741518e-08
  -7.30450151093491788903e-08
  -5.50347890965517620378e-08
  -3.65204857035861817524e-08
  -1.76700036886705057755e-08
  +1.34627168579436708584e-09
</dep>
<dep P3.Vt time>
  +2.43597528363916493690e-11
  +9.38040807085117195330e-02
  +1.86791684161533994013e-01
  +2.78029278552293201976e-01
  +3.66690547492274754315e-01
  +4.51972663657179973828e-01
  +5.33103250147386686919e-01
  +6.09347728155362755587e-01
  +6.80015505925272822907e-01
  +7.44466768263714051557e-01
  +8.02117708164997056386e-01
  +8.52446407816648710210e-01
  +8.94996940316439615337e-01
  +9.29384160854930141404e-01
  +9.55296499477604310613e-01
  +9.72499440407187498714e-01
  +9.80837194943683821080e-01
  +9.80234287759516265126e-01
  +9.70696195319704635551e-01
  +9.52309336802247718978e-01
  +9.25240254509769877167e-01
  +8.89734121489896279122e-01
  +8.46112507542295055885e-01
  +7.94770507035119089245e-01
  +7.36173102474808160878e-01
  +6.70851026940391226283e-01
  +5.99395728232519964251e-01
  +5.22454446301132802155e-01
  +4.40723988440579250714e-01
  +3.54944540321443124942e-01
  +2.65892982376390030197e-01
  +1.74375861767613299369e-01
  +8.12217680846138018191e-02
  -1.27253265527604679519e-02
  -1.06614917060834951679e-01
  -1.99596462126721108099e-01
  -2.90828022745878989053e-01
  -3.79483280280222212699e-01
  -4.64759375132986096713e-01
  -5.45884002844177373959e-01
  -6.22122426903124137176e-01
  -6.92784271549327979045e-01
  -7.57229501915134162182e-01
  -8.14874517435096645812e-01
  -8.65197236905800526330e-01
  -9.07741904347459493962e-01
  -9.42123190559330248028e-01
  -9.68029715840261761883e-01
  -9.85226830779387330317e-01
  -9.93558775686935957694e-01
  -9.92950061302065978275e-01
  -9.83406178114800244572e-01
  -9.65013525026701457499e-01
  -9.37938644807775667722e-01
  -9.02426701567243472191e-01
  -8.58799271528800201025e-01
  -8.07451422935510421119e-01
  -7.48848143239631225399e-01
  -6.83520125863009697653e-01
  -6.12058963912183950917e-01
  -5.35111795212329099947e-01
  -4.53375436994027991577e-01
  -3.67590082119071626110e-01
  -2.78532587243178086922e-01
  -1.87009447650783033890e-01
  -9.38494818049133427973e-02
  +1.03658224939365381685e-04
  +9.39991593070907405227e-02
  +1.86986700882527612233e-01
  +2.78224199816030914878e-01
  +3.66885408704858917428e-01
  +4.52167420652632490174e-01
  +5.33297952655654716736e-01
  +6.09542326654776811523e-01
  +6.80210050961366108346e-01
  +7.44661215456528968737e-01
  +8.02312093561484585003e-01
  +8.52640688280433267643e-01
  +8.95191171697750975866e-01
  +9.29578299514344674748e-01
  +9.55490609362188547671e-01
  +9.72693496806178670155e-01
  +9.81031162888355678930e-01
  +9.80428166323998095955e-01
  +9.70889995352129497874e-01
  +9.52503055568623691052e-01
  +9.25433896733977467974e-01
  +8.89927682789403817765e-01
  +8.46306011889916054436e-01
  +7.94963924983572711724e-01
  +7.36366442973332646638e-01
  +6.71044283649076200859e-01
  +5.99588907659220571311e-01
  +5.22647545421366377383e-01
  +4.40917007287249917979e-01
  +3.55137478957839092253e-01
  +2.66085840167215981200e-01
  +1.74568637768000023414e-01
  +8.14144647401033039191e-02
  -1.25327102857134119879e-02
</dep>
<dep _net4.Vt time>
  -3.97908536432358184154e-01
  -3.03058058862633872277e-01
  -2.09094405815296591200e-01
  -1.16869429470519134440e-01
  -2.72183412585432181474e-02
  +5.90469802281018904533e-02
  +1.41145315740408922034e-01
  +2.18333190087430045745e-01
  +2.89911581033147347508e-01
  +3.55232268328726341622e-01
  +4.13703704872651567559e-01
  +4.64796373757346170663e-01
  +5.08047570458068364907e-01
  +5.43065623933360996922e-01
  +5.69533401682332685034e-01
  +5.87211212743145694049e-01
  +5.95938987244688966882e-01
  +5.95637693049118177591e-01
  +5.86310068430161535069e-01
  +5.68040594494579775819e-01
  +5.40994732462140359708e-01
  +5.05417423910240248830e-01
  +4.61630868073470645996e-01
  +4.10031621537374268982e-01
  +3.51086987835991903850e-01
  +2.85330785485360616249e-01
  +2.13358479394221756120e-01
  +1.35821903189745074592e-01
  +5.34232455598941113895e-02
  -3.30912734272017436399e-02
  -1.22938146501406025957e-01
  -2.15303703475372032461e-01
  -3.09351460359448549031e-01
  -4.04229696192056953130e-01
  -4.99079173943831333471e-01
  -5.93040911700344008928e-01
  -6.85263973548141946956e-01
  -7.74913148034858112467e-01
  -8.61176568098491967973e-01
  -9.43273013528384440818e-01
  -1.02045896550913162137e+00
  -1.09203544186430079321e+00
  -1.15735422807464272132e+00
  -1.21582374634921830392e+00
  -1.26691451062188442656e+00
  -1.31016381369346945895e+00
  -1.34517997446511161641e+00
  -1.37164587265934745375e+00
  -1.38932182032034057251e+00
  -1.39804773280795102686e+00
  -1.39774457825098319397e+00
  -1.38841509352775527297e+00
  -1.37014375926475318046e+00
  -1.34309603494510709787e+00
  -1.30751686033916314500e+00
  -1.26372843740154339187e+00
  -1.21212731228185344179e+00
  -1.15318078419083414055e+00
  -1.08742267344387122385e+00
  -1.01544848709894575123e+00
  -9.37910025978342276609e-01
  -8.55509481812157468461e-01
  -7.68993078148322961596e-01
  -6.79144312351412593465e-01
  -5.86776860230914798500e-01
  -4.92727207150308377237e-01
  -3.97847072787780420278e-01
  -3.02995698134984503547e-01
  -2.09032062442058019780e-01
  -1.16807105133838101674e-01
  -2.71560356020396215238e-02
  +5.91092667268302632277e-02
  +1.41207584029423377503e-01
  +2.18395439668584073756e-01
  +2.89973814461933543374e-01
  +3.55294485414976157767e-01
  +4.13765902804908658474e-01
  +4.64858549411413024544e-01
  +5.08109733298643839738e-01
  +5.43127772406683528850e-01
  +5.69595544947909537825e-01
  +5.87273349842988734437e-01
  +5.96001105072740955393e-01
  +5.95699791954782953418e-01
  +5.86372148735181508705e-01
  +5.68102655910483145263e-01
  +5.41056777117663867394e-01
  +5.05479449077458453665e-01
  +4.61692884306822537432e-01
  +4.10093619152148369800e-01
  +3.51148966041993693121e-01
  +2.85392744875818005212e-01
  +2.13420420039332342510e-01
  +1.35883825064484403677e-01
  +5.34851486700368278226e-02
  -3.30293890913549229027e-02
  -1.22876281114703014841e-01
  -2.15241856946181503440e-01
  -3.09289632601272401757e-01
  -4.04167887172247441985e-01
</dep>
<dep _net5.Vt time>
  -3.97888096313037065155e-01
  -3.04068898598204184758e-01
  -2.11036037138107035460e-01
  -1.19723475850789351504e-01
  -3.09582118307558593062e-02
  +5.44559603346921605738e-02
  +1.35745443690193229314e-01
  +2.12174190742781348940e-01
  +2.83049926752369174210e-01
  +3.47730940184659997882e-01
  +4.05631324593296982428e-01
  +4.56226885173547314078e-01
  +4.99059268562963564975e-01
  +5.33740750006117203874e-01
  +5.59957087175603107632e-01
  +5.77470997417655285133e-01
  +5.86123841315516647121e-01
  +5.85837272171616074701e-01
  +5.76613881703439412618e-01
  +5.58537220515689880607e-01
  +5.31771001562134526530e-01
  +4.96557634972267014639e-01
  +4.53216023731157657828e-01
  +4.02138697213345885917e-01
  +3.43788217886163371961e-01
  +2.78693066430771962949e-01
  +2.07442660475497836492e-01
  +1.30682331941567725364e-01
  +4.91072340645005087079e-02
  -3.65438692913344076452e-02
  -1.25495288760897744096e-01
  -2.16941396021738508448e-01
  -3.10054264068774565466e-01
  -4.03990310540649988358e-01
  -4.97899148706878624804e-01
  -5.90930080675153845959e-01
  -6.82240735130240305573e-01
  -7.71004112706702882107e-01
  -8.56416373693351773433e-01
  -9.37703995426442338257e-01
  -1.01413081812303440543e+00
  -1.08500474206535990618e+00
  -1.14968382750308562024e+00
  -1.20758240975227804093e+00
  -1.25817609560967524907e+00
  -1.30100670738626478240e+00
  -1.33568634479346526334e+00
  -1.36190094467507272213e+00
  -1.37941308609972090871e+00
  -1.38806417489096212137e+00
  -1.38777585000463998810e+00
  -1.37855071885811319987e+00
  -1.36047231210047980809e+00
  -1.33370434504481694127e+00
  -1.29848922074485506606e+00
  -1.25514584577479482164e+00
  -1.20406673431100452731e+00
  -1.14571445845188590873e+00
  -1.08061745685214161128e+00
  -1.00936524885743894586e+00
  -9.32603098318713463755e-01
  -8.51026165249982091687e-01
  -7.65373217062217059414e-01
  -6.76419929635204808527e-01
  -5.84971872845683082964e-01
  -4.91857203497885864252e-01
  -3.97919181798288945640e-01
  -3.04008501709959688686e-01
  -2.10975640734594904746e-01
  -1.19663112051017039850e-01
  -3.08978452507949787054e-02
  +5.45162855467430859657e-02
  +1.35805776757675605859e-01
  +2.12234482126354651044e-01
  +2.83110224767209317509e-01
  +3.47791200158470370507e-01
  +4.05691585974747692678e-01
  +4.56287107705150463133e-01
  +4.99119498484220880385e-01
  +5.33800944862907855715e-01
  +5.60017301733349293080e-01
  +5.77531207718413264196e-01
  +5.86184026093969356985e-01
  +5.85897430095902782554e-01
  +5.76674023372787059039e-01
  +5.58597343456464834333e-01
  +5.31831108243033923166e-01
  +4.96617723873126526435e-01
  +4.53276107737292099920e-01
  +4.02198756935382706335e-01
  +3.43848263196824877053e-01
  +2.78753090265715597340e-01
  +2.07502669317137233840e-01
  +1.30742322739642147233e-01
  +4.91672068259784780797e-02
  -3.64839145122646951735e-02
  -1.25435352440526809437e-01
  -2.16881479232893553677e-01
  -3.09994364452292725520e-01
  -4.03930429205465679754e-01
</dep>
<dep _net3.Vt time>
  -3.97888096333013641104e-01
  -3.03130857791117092059e-01
  -2.09168120296480408715e-01
  -1.16943183065767092321e-01
  -2.72913063558456667201e-02
  +5.89756869712711115361e-02
  +1.41076476191689809125e-01
  +2.18267668024341943145e-01
  +2.89850081811595106096e-01
  +3.55175607867245224369e-01
  +4.13652501674926509345e-01
  +4.64751349251668943729e-01
  +5.08009237966144611143e-01
  +5.43034591614665829162e-01
  +5.69510052170396074978e-01
  +5.87195991821928831023e-01
  +5.95932213264927179708e-01
  +5.95639615049738391228e-01
  +5.86320843656009005329e-01
  +5.68060313883736789364e-01
  +5.41023404107177641187e-01
  +5.05454976187167615009e-01
  +4.61677148806625581301e-01
  +4.10086402283690143467e-01
  +3.51149948910923048739e-01
  +2.85401576699648662494e-01
  +2.13436617757776392335e-01
  +1.35906876404567639183e-01
  +5.35144739488596712929e-02
  -3.29944238881349008463e-02
  -1.22836358937080031284e-01
  -2.15197637404058006450e-01
  -3.09242046387911972971e-01
  -4.04117563806268731419e-01
  -4.98965297877488556111e-01
  -5.92926045296439774290e-01
  -6.85149015357591983921e-01
  -7.74798945509508230067e-01
  -8.61063967444712474730e-01
  -9.43162835455387260630e-01
  -1.02035204239206156451e+00
  -1.09193258478087895647e+00
  -1.15725612252278753367e+00
  -1.21573115492667294113e+00
  -1.26682806797859814907e+00
  -1.31008412642959570782e+00
  -1.34510757669909275513e+00
  -1.37158124183336593838e+00
  -1.38926535440756349082e+00
  -1.39799976264781200541e+00
  -1.39770535061762180007e+00
  -1.38838478063920001127e+00
  -1.37012244735070476409e+00
  -1.34308373149281456982e+00
  -1.30751348776042197741e+00
  -1.26373383849006848401e+00
  -1.21214124854031046752e+00
  -1.15320293988423405729e+00
  -1.08745265811072155948e+00
  -1.01548583849648976773e+00
  -9.37954216270747043183e-01
  -8.55559919619959363679e-01
  -7.69049117883307098431e-01
  -6.79205255507596694642e-01
  -5.86841967322184743239e-01
  -4.92795698315890928765e-01
  -3.97918145216049012891e-01
  -3.03068510116912104291e-01
  -2.09105773725705323951e-01
  -1.16880870052935958991e-01
  -2.72289911637611514728e-02
  +5.90379597532628003220e-02
  +1.41138756284177074862e-01
  +2.18329905392899342731e-01
  +2.89912325276766413840e-01
  +3.55237812313086209759e-01
  +4.13714706910292939757e-01
  +4.64813514587998521943e-01
  +5.08071410201212603219e-01
  +5.43096727858066730121e-01
  +5.69572207827008902825e-01
  +5.87258142686731376969e-01
  +5.95994337722766998056e-01
  +5.95701711759118235356e-01
  +5.86382923326748239923e-01
  +5.68122374012446362812e-01
  +5.41085447210297498799e-01
  +5.05517000700958063497e-01
  +4.61739167856205778850e-01
  +4.10148396185225305732e-01
  +3.51211927626585651563e-01
  +2.85463533101959432425e-01
  +2.13498558393719367610e-01
  +1.35968798193820766818e-01
  +5.35763768988604671684e-02
  -3.29325397227203178763e-02
  -1.22774494038735595969e-01
  -2.15135792855205926211e-01
  -3.09180219804930711547e-01
  -4.04055756308224489626e-01
</dep>
<dep _net2.Vt time>
  -3.97908536432401593874e-01
  -3.02867043919052669754e-01
  -2.08715078473471038478e-01
  -1.16305282826675529528e-01
  -2.64745416910762143559e-02
  +5.99636387691572930736e-02
  +1.42226474753237741577e-01
  +2.19569000317753421081e-01
  +2.91290793972464268080e-01
  +3.56742335321498071909e-01
  +4.15330893784701726812e-01
  +4.66525890268397802618e-01
  +5.09863695081110290808e-01
  +5.44951851322417746282e-01
  +5.71472593229613634591e-01
  +5.89185748870942771482e-01
  +5.97930928883160239806e-01
  +5.97628943452267247238e-01
  +5.88282537270196859147e-01
  +5.69976361418306876061e-01
  +5.42876209541107379586e-01
  +5.07227514887260588772e-01
  +4.63353123194379046268e-01
  +4.11650386518809752179e-01
  +3.52587545791196166345e-01
  +2.86699489608183977207e-01
  +2.14582877524311876893e-01
  +1.36890849733716818415e-01
  +5.43270027833299001818e-02
  -3.23609472937203823673e-02
  -1.22387922593260103921e-01
  -2.14938622578313781597e-01
  -3.09174884236839864204e-01
  -4.04243282789196467508e-01
  -4.99282855846161610636e-01
  -5.93432902324992461729e-01
  -6.85840779594421356968e-01
  -7.75669602962674731295e-01
  -8.62105878410388992705e-01
  -9.44366820427608555377e-01
  -1.02170742008014903135e+00
  -1.09342729465267285427e+00
  -1.15887693186633611298e+00
  -1.21746356764198115918e+00
  -1.26865665610530164997e+00
  -1.31199256307298806057e+00
  -1.34707882324049488254e+00
  -1.37359768138475435428e+00
  -1.39130897000477160574e+00
  -1.40005228431561601354e+00
  -1.39974843489907252447e+00
  -1.39040016485520334655e+00
  -1.37209212496047028296e+00
  -1.34499010705713173408e+00
  -1.30933954261671070540e+00
  -1.26546328007452513198e+00
  -1.21375866106431473668e+00
  -1.15469392203081588910e+00
  -1.08880395380807448724e+00
  -1.01668545756516714995e+00
  -9.38991540988056483386e-01
  -8.56425803635207594233e-01
  -7.69735965031073332554e-01
  -6.79707093202256751319e-01
  -5.87154494979921337539e-01
  -4.92916332454843453270e-01
  -3.97846032388605219676e-01
  -3.02804558089593611747e-01
  -2.08652610196142423993e-01
  -1.16242833478382531776e-01
  -2.64121112696905566142e-02
  +6.00260502277501148405e-02
  +1.42288867709417787832e-01
  +2.19631374769742537811e-01
  +2.91353152016234906441e-01
  +3.56804677217798238420e-01
  +4.15393216288214628396e-01
  +4.66588190626160859154e-01
  +5.09925982401545185851e-01
  +5.45014124464189064767e-01
  +5.71534860905643316009e-01
  +5.89248010355043705388e-01
  +5.97993171128576306295e-01
  +5.97691166826108566390e-01
  +5.88344741990392550157e-01
  +5.70038547218078117673e-01
  +5.42938378549558398056e-01
  +5.07289664359295122686e-01
  +4.63415263679751221471e-01
  +4.11712508413897504411e-01
  +3.52649648196163123526e-01
  +2.86761573195022045901e-01
  +2.14644942298297780603e-01
  +1.36952895700468063600e-01
  +5.43890299486167738685e-02
  -3.22989389402617080305e-02
  -1.22325933223740371258e-01
  -2.14876652089144304369e-01
  -3.09112932564386710954e-01
  -4.04181349889197405467e-01
</dep>
<dep P1.Vt time>
  +0.00000000000000000000e+00
  +9.50560433041826718936e-02
  +1.89251244360410214584e-01
  +2.81732556841429671035e-01
  +3.71662455660327573082e-01
  +4.58226521727410407436e-01
  +5.40640817455597555430e-01
  +6.18158986220605166650e-01
  +6.90079011482112036902e-01
  +7.55749574354258268905e-01
  +8.14575952050335727606e-01
  +8.66025403784438596588e-01
  +9.09631995354518330110e-01
  +9.45000818714668455733e-01
  +9.71811568323541652425e-01
  +9.89821441880932684221e-01
  +9.98867339183007962866e-01
  +9.98867339183007962866e-01
  +9.89821441880932684221e-01
  +9.71811568323541652425e-01
  +9.45000818714668455733e-01
  +9.09631995354518330110e-01
  +8.66025403784438707611e-01
  +8.14575952050335838628e-01
  +7.55749574354258268905e-01
  +6.90079011482111925879e-01
  +6.18158986220605055628e-01
  +5.40640817455597444408e-01
  +4.58226521727410518459e-01
  +3.71662455660327573082e-01
  +2.81732556841429671035e-01
  +1.89251244360410075807e-01
  +9.50560433041824359712e-02
  +1.22464679914735320717e-16
  -9.50560433041826302603e-02
  -1.89251244360410270096e-01
  -2.81732556841429837569e-01
  -3.71662455660327351037e-01
  -4.58226521727410296414e-01
  -5.40640817455597555430e-01
  -6.18158986220605277673e-01
  -6.90079011482112147924e-01
  -7.55749574354258490949e-01
  -8.14575952050335616583e-01
  -8.66025403784438374544e-01
  -9.09631995354518441133e-01
  -9.45000818714668344711e-01
  -9.71811568323541763448e-01
  -9.89821441880932684221e-01
  -9.98867339183007962866e-01
  -9.98867339183007962866e-01
  -9.89821441880932684221e-01
  -9.71811568323541652425e-01
  -9.45000818714668566756e-01
  -9.09631995354518219088e-01
  -8.66025403784438596588e-01
  -8.14575952050335838628e-01
  -7.55749574354258157882e-01
  -6.90079011482112036902e-01
  -6.18158986220604833584e-01
  -5.40640817455597444408e-01
  -4.58226521727409852325e-01
  -3.71662455660327240015e-01
  -2.81732556841428893879e-01
  -1.89251244360409742740e-01
  -9.50560433041834351720e-02
  -2.44929359829470641435e-16
  +9.50560433041820612710e-02
  +1.89251244360410131318e-01
  +2.81732556841429282457e-01
  +3.71662455660327628593e-01
  +4.58226521727410185392e-01
  +5.40640817455597777474e-01
  +6.18158986220605166650e-01
  +6.90079011482111703835e-01
  +7.55749574354258379927e-01
  +8.14575952050335616583e-01
  +8.66025403784438818633e-01
  +9.09631995354518330110e-01
  +9.45000818714668677778e-01
  +9.71811568323541763448e-01
  +9.89821441880932684221e-01
  +9.98867339183007962866e-01
  +9.98867339183007962866e-01
  +9.89821441880932684221e-01
  +9.71811568323541874470e-01
  +9.45000818714668566756e-01
  +9.09631995354518219088e-01
  +8.66025403784439151700e-01
  +8.14575952050335949650e-01
  +7.55749574354258157882e-01
  +6.90079011482111481790e-01
  +6.18158986220605610740e-01
  +5.40640817455597555430e-01
  +4.58226521727409963347e-01
  +3.71662455660326573881e-01
  +2.81732556841429893080e-01
  +1.89251244360409881518e-01
  +9.50560433041817975930e-02
  +3.67394039744205937500e-16
</dep>
<dep _net1.Vt time>
  -9.00000000000000000000e+00
  -9.00000000000000000000e+00
  -9.00000000000000000000e+00
  -9.00000000000000000000e+00
  -9.00000000000000000000e+00
  -9.00000000000000000000e+00
  -9.00000000000000000000e+00
  -9.00000000000000000000e+00
  -9.00000000000000000000e+00
  -9.00000000000000000000e+00
  -9.00000000000000000000e+00
  -9.00000000000000000000e+00
  -9.00000000000000000000e+00
  -9.00000000000000000000e+00
  -9.00000000000000000000e+00
  -9.00000000000000000000e+00
  -9.00000000000000000000e+00
  -9.00000000000000000000e+00
  -9.00000000000000000000e+00
  -9.00000000000000000000e+00
  -9.00000000000000000000e+00
  -9.00000000000000000000e+00
  -9.00000000000000000000e+00
  -9.00000000000000000000e+00
  -9.00000000000000000000e+00
  -9.00000000000000000000e+00
  -9.00000000000000000000e+00
  -9.00000000000000000000e+00
  -9.00000000000000000000e+00
  -9.00000000000000000000e+00
  -9.00000000000000000000e+00
  -9.00000000000000000000e+00
  -9.00000000000000000000e+00
  -9.00000000000000000000e+00
  -9.00000000000000000000e+00
  -9.00000000000000000000e+00
  -9.00000000000000000000e+00
  -9.00000000000000000000e+00
  -9.00000000000000000000e+00
  -9.00000000000000000000e+00
  -9.00000000000000000000e+00
  -9.00000000000000000000e+00
  -9.00000000000000000000e+00
  -9.00000000000000000000e+00
  -9.00000000000000000000e+00
  -9.00000000000000000000e+00
  -9.00000000000000000000e+00
  -9.00000000000000000000e+00
  -9.00000000000000000000e+00
  -9.00000000000000000000e+00
  -9.00000000000000000000e+00
  -9.00000000000000000000e+00
  -9.00000000000000000000e+00
  -9.00000000000000000000e+00
  -9.00000000000000000000e+00
  -9.00000000000000000000e+00
  -9.00000000000000000000e+00
  -9.00000000000000000000e+00
  -9.00000000000000000000e+00
  -9.00000000000000000000e+00
  -9.00000000000000000000e+00
  -9.00000000000000000000e+00
  -9.00000000000000000000e+00
  -9.00000000000000000000e+00
  -9.00000000000000000000e+00
  -9.00000000000000000000e+00
  -9.00000000000000000000e+00
  -9.00000000000000000000e+00
  -9.00000000000000000000e+00
  -9.00000000000000000000e+00
  -9.00000000000000000000e+00
  -9.00000000000000000000e+00
  -9.00000000000000000000e+00
  -9.00000000000000000000e+00
  -9.00000000000000000000e+00
  -9.00000000000000000000e+00
  -9.00000000000000000000e+00
  -9.00000000000000000000e+00
  -9.00000000000000000000e+00
  -9.00000000000000000000e+00
  -9.00000000000000000000e+00
  -9.00000000000000000000e+00
  -9.00000000000000000000e+00
  -9.00000000000000000000e+00
  -9.00000000000000000000e+00
  -9.00000000000000000000e+00
  -9.00000000000000000000e+00
  -9.00000000000000000000e+00
  -9.00000000000000000000e+00
  -9.00000000000000000000e+00
  -9.00000000000000000000e+00
  -9.00000000000000000000e+00
  -9.00000000000000000000e+00
  -9.00000000000000000000e+00
  -9.00000000000000000000e+00
  -9.00000000000000000000e+00
  -9.00000000000000000000e+00
  -9.00000000000000000000e+00
  -9.00000000000000000000e+00
  -9.00000000000000000000e+00
</dep>
<dep _net0.Vt time>
  +9.00000000000000000000e+00
  +9.00000000000000000000e+00
  +9.00000000000000000000e+00
  +9.00000000000000000000e+00
  +9.00000000000000000000e+00
  +9.00000000000000000000e+00
  +9.00000000000000000000e+00
  +9.00000000000000000000e+00
  +9.00000000000000000000e+00
  +9.00000000000000000000e+00
  +9.00000000000000000000e+00
  +9.00000000000000000000e+00
  +9.00000000000000000000e+00
  +9.00000000000000000000e+00
  +9.00000000000000000000e+00
  +9.00000000000000000000e+00
  +9.00000000000000000000e+00
  +9.00000000000000000000e+00
  +9.00000000000000000000e+00
  +9.00000000000000000000e+00
  +9.00000000000000000000e+00
  +9.00000000000000000000e+00
  +9.00000000000000000000e+00
  +9.00000000000000000000e+00
  +9.00000000000000000000e+00
  +9.00000000000000000000e+00
  +9.00000000000000000000e+00
  +9.00000000000000000000e+00
  +9.00000000000000000000e+00
  +9.00000000000000000000e+00
  +9.00000000000000000000e+00
  +9.00000000000000000000e+00
  +9.00000000000000000000e+00
  +9.00000000000000000000e+00
  +9.00000000000000000000e+00
  +9.00000000000000000000e+00
  +9.00000000000000000000e+00
  +9.00000000000000000000e+00
  +9.00000000000000000000e+00
  +9.00000000000000000000e+00
  +9.00000000000000000000e+00
  +9.00000000000000000000e+00
  +9.00000000000000000000e+00
  +9.00000000000000000000e+00
  +9.00000000000000000000e+00
  +9.00000000000000000000e+00
  +9.00000000000000000000e+00
  +9.00000000000000000000e+00
  +9.00000000000000000000e+00
  +9.00000000000000000000e+00
  +9.00000000000000000000e+00
  +9.00000000000000000000e+00
  +9.00000000000000000000e+00
  +9.00000000000000000000e+00
  +9.00000000000000000000e+00
  +9.00000000000000000000e+00
  +9.00000000000000000000e+00
  +9.00000000000000000000e+00
  +9.00000000000000000000e+00
  +9.00000000000000000000e+00
  +9.00000000000000000000e+00
  +9.00000000000000000000e+00
  +9.00000000000000000000e+00
  +9.00000000000000000000e+00
  +9.00000000000000000000e+00
  +9.00000000000000000000e+00
  +9.00000000000000000000e+00
  +9.00000000000000000000e+00
  +9.00000000000000000000e+00
  +9.00000000000000000000e+00
  +9.00000000000000000000e+00
  +9.00000000000000000000e+00
  +9.00000000000000000000e+00
  +9.00000000000000000000e+00
  +9.00000000000000000000e+00
  +9.00000000000000000000e+00
  +9.00000000000000000000e+00
  +9.00000000000000000000e+00
  +9.00000000000000000000e+00
  +9.00000000000000000000e+00
  +9.00000000000000000000e+00
  +9.00000000000000000000e+00
  +9.00000000000000000000e+00
  +9.00000000000000000000e+00
  +9.00000000000000000000e+00
  +9.00000000000000000000e+00
  +9.00000000000000000000e+00
  +9.00000000000000000000e+00
  +9.00000000000000000000e+00
  +9.00000000000000000000e+00
  +9.00000000000000000000e+00
  +9.00000000000000000000e+00
  +9.00000000000000000000e+00
  +9.00000000000000000000e+00
  +9.00000000000000000000e+00
  +9.00000000000000000000e+00
  +9.00000000000000000000e+00
  +9.00000000000000000000e+00
  +9.00000000000000000000e+00
  +9.00000000000000000000e+00
</dep>
